%YAML:1.0
---
homograph_matrix: !!opencv-matrix
   rows: 3
   cols: 3
   dt: d
   data: [ -0.002157523300005928, 7.240011073845359e-05, 1.837080409877532,  6.082118452321718e-05, 0.002080084510694039, -1.201121080438308, 0.0001801391909281665, -1.226395185951049e-05, 1 ]
