%YAML:1.0 
--- 
image_width: 1920
image_height: 1200

camera.k1: -0.174717
camera.k2: 0.0835174
camera.p1: -0.000567672
camera.p2: -0.000256155
camera.k3: 0

camera.fx: 1297.74
camera.fy: 1297.32
camera.cx: 947.221
camera.cy: 633.534
camera_matrix: !!opencv-matrix
    rows: 3
    cols: 3
    dt: d
    data: [1.29774e+03, 0., 9.47221e+02, 0.,
        1.29732e+03, 6.33534e+02, 0., 0., 1. ]
distortion_coefficients: !!opencv-matrix
    rows: 1
    cols: 5
    dt: d
    data: [-1.74717e-01, 8.35174e-02, -5.67672e-04, -2.56155e-04, 0]


