%YAML:1.0
---
homograph_matrix: !!opencv-matrix
   rows: 3
   cols: 3
   dt: d
   data: [ 2.5173711989546097e-03, -1.2661334432611913e-04,
       -2.5350225887224287e-01, 1.2315800090438036e-04,
       -3.0465400223715052e-03, 1.5168917231389150e+00,
       3.7157406392921051e-04, -7.7968069224787099e-05, 1. ]
four_pixel: [ 126., 503., 109., 165., 596., 522., 587., 125. ]
