%YAML:1.0
---
homograph_matrix: !!opencv-matrix
   rows: 3
   cols: 3
   dt: d
   data: [ 5.0317023650365816e-03, 1.0063404730073185e-03,
       -4.3453781624455932e+00, 6.8978781027260452e-04,
       5.4387115809955413e-03, -2.4933706917323066e+00,
       6.3088496478302556e-04, 8.2465535097850005e-04, 1. ]
four_pixel: !!opencv-matrix
   rows: 1
   cols: 8
   dt: f
   data: [ 792., 358., 714., 748., 1202., 306., 1184., 742. ]
