%YAML:1.0
---
homograph_matrix: !!opencv-matrix
   rows: 3
   cols: 3
   dt: d
   data: [ 1.3999454132067636e-03, -3.9998440377335786e-05,
       -7.3709125927355013e-01, 3.8454363434647294e-05,
       2.1294103751936218e-03, -5.7844014837483115e-01,
       1.8264553426807336e-04, -7.4654664688757791e-05, 1. ]
four_pixel: !!opencv-matrix
   rows: 1
   cols: 8
   dt: f
   data: [ 534., 262., 548., 752., 1420., 246., 1404., 808. ]
