%YAML:1.0
---
homograph_matrix: !!opencv-matrix
   rows: 3
   cols: 3
   dt: d
   data: [ 1.3130150001318319e-03, 1.3968244682253338e-05,
       -5.3691138909646074e-01, 5.4857448255257382e-05,
       1.9706483334773158e-03, -5.6222976736441888e-01,
       1.5807554853955333e-04, 5.7143551283835095e-05, 1. ]
four_pixel: !!opencv-matrix
   rows: 1
   cols: 8
   dt: f
   data: [ 406., 274., 400., 838., 1340., 248., 1364., 890. ]
