%YAML:1.0
---
homograph_matrix: !!opencv-matrix
   rows: 3
   cols: 3
   dt: d
   data: [ 2.4922159927555716e-03, -1.3968172230783272e-04,
       -2.4625152475911741e-01, 1.2228476629205941e-04,
       -3.0313749959768399e-03, 1.5092514576572593e+00,
       3.5639504201158330e-04, -8.0353362564943855e-05, 1. ]
four_pixel: !!opencv-matrix
   rows: 1
   cols: 8
   dt: f
   data: [ 127., 503., 108., 164., 598., 522., 587., 126. ]
