%YAML:1.0
---
homograph_matrix: !!opencv-matrix
   rows: 3
   cols: 3
   dt: d
   data: [ 1.8145251345817071e-03, -4.8234212438247960e-04,
       -1.3501445121643276e+00, 1.3533912325691349e-04,
       2.0010856081557693e-03, -6.0589392066073078e-01,
       -2.3944494665318128e-04, 2.6272545410468528e-04, 1. ]
four_pixel: !!opencv-matrix
   rows: 1
   cols: 8
   dt: f
   data: [ 810., 248., 936., 722., 1224., 220., 1372., 628. ]
