%YAML:1.0
---
homograph_matrix: !!opencv-matrix
   rows: 3
   cols: 3
   dt: d
   data: [ 4.9694466433288587e-03, 9.6840498690511012e-04,
       -4.2686782135942076e+00, 6.2657374533223295e-04,
       5.3780913141016811e-03, -2.3988375840044598e+00,
       6.2657374533223143e-04, 8.0976122807418257e-04, 1. ]
four_pixel: !!opencv-matrix
   rows: 1
   cols: 8
   dt: f
   data: [ 790., 354., 714., 744., 1202., 306., 1186., 744. ]
